0 -0.392530343 -0.799332256 1.19315807 -0.0321777807 -0.704679538 0.70790303 -0.0355617658
1 -0.391092949 -0.80109093 1.1925969 -0.0324209673 -0.704511159 0.708052821 -0.0356946984
2 -0.395722904 -0.801155388 1.195471 -0.031900996 -0.704700612 0.707901033 -0.0354330636
3 -0.391271971 -0.800142177 1.19238204 -0.0322503566 -0.70461719 0.707955065 -0.0356953185
4 -0.39595089 -0.802568881 1.1954195 -0.0317949028 -0.704597242 0.708009406 -0.0354188027
5 -0.394990788 -0.802715575 1.19524913 -0.0324915055 -0.704449323 0.708140717 -0.0351024007
6 -0.39364187 -0.80158353 1.19320566 -0.0326457362 -0.70443091 0.708144217 -0.0352578745
7 -0.393070747 -0.803405218 1.19594978 -0.0322543402 -0.704440172 0.708140731 -0.0355021921
8 -0.392428114 -0.803970302 1.19386645 -0.0325420759 -0.704233903 0.70834059 -0.0353444708
9 -0.39374583 -0.800393697 1.19095199 -0.0322302393 -0.704714113 0.707877179 -0.0353430335
10 -0.390022252 -0.799577455 1.19147424 -0.0328370339 -0.70474247 0.707800929 -0.035743884
11 -0.390979821 -0.800666069 1.19070637 -0.032631706 -0.704309619 0.708254451 -0.0354790767
12 -0.393598382 -0.800099242 1.19230201 -0.0321291681 -0.704670875 0.707915945 -0.0355202612
13 -0.392939639 -0.800536099 1.19172384 -0.0322469407 -0.704553671 0.708033578 -0.0353936808
14 -0.39209157 -0.799458316 1.19274413 -0.0323303954 -0.704718933 0.707854265 -0.0356133384
15 -0.391587821 -0.801243459 1.19123616 -0.0325502582 -0.704356482 0.70821428 -0.035425425
16 -0.389434852 -0.79830237 1.19067112 -0.0327933947 -0.704770549 0.707786906 -0.0355072334
17 -0.392155262 -0.803196728 1.19370351 -0.0325781625 -0.704425393 0.708143934 -0.0354358234
18 -0.390308588 -0.801828328 1.19015299 -0.0326355872 -0.704179799 0.708381929 -0.0355073484
19 -0.38890449 -0.80102765 1.19043837 -0.0327051136 -0.70456832 0.707972153 -0.0359066683
20 -0.392032237 -0.802055619 1.19088541 -0.0324682247 -0.704292906 0.708280551 -0.0354397961
21 -0.389437086 -0.80039285 1.1907158 -0.0324941384 -0.704609907 0.707943671 -0.0358436692
22 -0.388356487 -0.800839326 1.19069634 -0.0328783701 -0.704204752 0.708342786 -0.0355693494
23 -0.391121881 -0.799518556 1.19150745 -0.0323437423 -0.704556293 0.708002025 -0.0358809807
24 -0.390148437 -0.800094836 1.19178389 -0.0326127678 -0.70431704 0.708238864 -0.0356598533
25 -0.388785202 -0.798949642 1.19025812 -0.0326700565 -0.704597803 0.707949304 -0.035810412
26 -0.388821384 -0.799933057 1.19191535 -0.0328101541 -0.704554329 0.707983411 -0.0358633642
27 -0.390808417 -0.802800303 1.19200731 -0.0332065025 -0.704074876 0.708480517 -0.0350892395
28 -0.390883822 -0.800180107 1.19062345 -0.0325687686 -0.704553989 0.708003722 -0.0356886759
29 -0.392992275 -0.802387682 1.19414263 -0.0325331346 -0.704443805 0.708127688 -0.0354358361
30 -0.388746315 -0.799666385 1.19084129 -0.0329653735 -0.704394961 0.708147805 -0.0356049128
31 -0.391830939 -0.800775317 1.19149776 -0.0325712076 -0.704387595 0.708183677 -0.0353993222
32 -0.390204156 -0.79861609 1.19016762 -0.0326918663 -0.704584006 0.707970053 -0.0356514243
33 -0.39053557 -0.800504626 1.1916604 -0.0323584489 -0.704595785 0.707974461 -0.0356352741
34 -0.388909163 -0.798238831 1.19134677 -0.032943139 -0.704662503 0.70787904 -0.0356759103
35 -0.388416104 -0.797004465 1.19050172 -0.0327947903 -0.704809477 0.707734649 -0.0357738675
36 -0.389560488 -0.800201848 1.19094023 -0.0327392193 -0.704537754 0.708013803 -0.0356532042
37 -0.391058533 -0.799509731 1.19013904 -0.0326224613 -0.704679956 0.707888987 -0.0354276348
38 -0.386588199 -0.798717816 1.18970024 -0.0332637463 -0.704656417 0.707867962 -0.035718422
39 -0.390727243 -0.801758401 1.19130861 -0.0326765254 -0.704401249 0.708156651 -0.0355708106
40 -0.390373671 -0.800376615 1.19086443 -0.0325071931 -0.704637111 0.707923349 -0.0356981212
41 -0.388052906 -0.801172638 1.19084593 -0.032660052 -0.704465643 0.708082083 -0.0357944504
42 -0.391351316 -0.79947783 1.19240269 -0.0323697687 -0.704748734 0.707815832 -0.0357514825
43 -0.388462798 -0.801074031 1.19185167 -0.0327374538 -0.704410365 0.708137539 -0.0357144663
44 -0.389505006 -0.800524246 1.18922883 -0.032608853 -0.704412783 0.708140301 -0.0357296581
45 -0.389686821 -0.800327941 1.19023504 -0.0326616887 -0.70458745 0.707960369 -0.0358030142
46 -0.389160419 -0.799565881 1.19011273 -0.0326542995 -0.704772033 0.707767925 -0.0359811505
47 -0.391657443 -0.800199454 1.19082109 -0.0322645934 -0.704664447 0.707904497 -0.0357524315
48 -0.39014206 -0.799477276 1.19162749 -0.0324464532 -0.704836082 0.707715804 -0.0359397529
49 -0.389866886 -0.799345319 1.19046275 -0.0327475792 -0.70452903 0.70803095 -0.0354769699
50 -0.390880427 -0.800249611 1.19157398 -0.0325088447 -0.704575817 0.707985597 -0.0356719425
51 -0.389656844 -0.797483675 1.19013461 -0.0326012431 -0.704720734 0.707839477 -0.0356247306
52 -0.389185326 -0.800037559 1.19051703 -0.0328287508 -0.704581187 0.707968669 -0.0356088052
53 -0.390835379 -0.800440724 1.19154357 -0.0323931783 -0.704536943 0.708031103 -0.0356417597
54 -0.390768162 -0.799389211 1.19148668 -0.0325674438 -0.704680426 0.707886782 -0.035512849
55 -0.391488546 -0.799299388 1.19194916 -0.0323239637 -0.704642579 0.707930599 -0.0356126974
56 -0.389828697 -0.799519698 1.19153762 -0.0324922101 -0.704615353 0.707951191 -0.0355889219
57 -0.391457605 -0.800004702 1.19243874 -0.032589383 -0.704651538 0.707910553 -0.0355920052
58 -0.39155414 -0.798387238 1.19185485 -0.0325392609 -0.704655811 0.707912805 -0.0355083805
59 -0.393006357 -0.799649573 1.19297347 -0.0324767598 -0.704552893 0.708027999 -0.0353105346
60 -0.390485081 -0.799739079 1.19231917 -0.0323514121 -0.704587965 0.707981526 -0.0356559166
61 -0.390147232 -0.799975523 1.19208804 -0.0326584436 -0.704639339 0.707920729 -0.0355678192
62 -0.391373637 -0.799375858 1.19151333 -0.0324390561 -0.704719076 0.70784827 -0.0356308469
63 -0.389052937 -0.798642219 1.19104524 -0.0327441501 -0.704724678 0.707826274 -0.035677929
64 -0.391613552 -0.799483121 1.1932959 -0.0325154481 -0.704923793 0.707633624 -0.0357749269
65 -0.390697981 -0.79930932 1.19151408 -0.0324536364 -0.704732398 0.707826811 -0.0357800885
66 -0.39027481 -0.797094217 1.19191596 -0.0325208739 -0.705038257 0.707516114 -0.0358384893
67 -0.391007021 -0.798314874 1.19243893 -0.0323930321 -0.70479586 0.70777424 -0.0356246114
68 -0.391314279 -0.798780123 1.19126611 -0.032263741 -0.704833988 0.707727192 -0.0359210687
69 -0.390800343 -0.799450077 1.19165235 -0.0323611511 -0.704725871 0.707831128 -0.0359067875
70 -0.391855655 -0.798839443 1.19022988 -0.0324502983 -0.704790882 0.707762542 -0.0359022944
71 -0.391232836 -0.798099946 1.19067328 -0.0323612916 -0.704881523 0.707681422 -0.0358021104
72 -0.391770043 -0.798599512 1.19017263 -0.0324153232 -0.704737859 0.707827849 -0.0356865848
73 -0.391401295 -0.800930551 1.19285544 -0.0323411116 -0.704663018 0.707903652 -0.0357281842
74 -0.39246392 -0.797594801 1.19214534 -0.0322153522 -0.705078488 0.707501395 -0.0356128239
75 -0.392100234 -0.799552912 1.19337646 -0.0322350367 -0.704753016 0.70781789 -0.0357480688
76 -0.393790305 -0.798653719 1.19447091 -0.0324559285 -0.704928599 0.707650177 -0.0354049453
77 -0.390414893 -0.799288334 1.19129149 -0.0325669345 -0.704757308 0.707802271 -0.0356717936
78 -0.391472311 -0.800127034 1.19182844 -0.0325008217 -0.704729064 0.707837399 -0.0355929671
79 -0.388674447 -0.799238365 1.19114661 -0.0328062424 -0.704757526 0.707778856 -0.0359120048
80 -0.391194455 -0.800190151 1.19033523 -0.0327448926 -0.704613435 0.70794665 -0.0354854855
81 -0.390706572 -0.799200741 1.19100732 -0.0324078784 -0.704800269 0.707759767 -0.0358109349
82 -0.390876582 -0.799838341 1.19093828 -0.0327153879 -0.704684685 0.707877883 -0.0354697152
83 -0.390280492 -0.800300738 1.19189024 -0.0326288369 -0.704733857 0.707821605 -0.0356949008
84 -0.389971462 -0.798935692 1.19088999 -0.0324778897 -0.704683548 0.707880583 -0.0356561928
85 -0.391163353 -0.798314726 1.19287806 -0.0326078068 -0.704837535 0.707729571 -0.035491331
86 -0.389749423 -0.800225969 1.18990966 -0.0327468024 -0.704580853 0.707976211 -0.0355408549
87 -0.389349244 -0.802041971 1.19136175 -0.0329672928 -0.704366683 0.708186562 -0.0353910469
88 -0.393011995 -0.803359234 1.19206901 -0.0325426377 -0.704390761 0.708187595 -0.0352840195
89 -0.391593574 -0.800051287 1.19023909 -0.032574786 -0.704477424 0.708093744 -0.0354075153
90 -0.392047775 -0.801568071 1.19323892 -0.0328433747 -0.704455019 0.708116507 -0.0351489902
91 -0.391998769 -0.799816002 1.19188882 -0.0324884137 -0.704533795 0.708035582 -0.0355281421
92 -0.389674044 -0.79955929 1.1899123 -0.0326742596 -0.704420069 0.708138904 -0.0355535032
93 -0.390672071 -0.798268549 1.19028304 -0.032465546 -0.704503635 0.708052738 -0.0358041479
94 -0.390607547 -0.799645019 1.19155227 -0.0324906093 -0.704587757 0.707970341 -0.0357553991
95 -0.388596362 -0.798364287 1.18980326 -0.032731318 -0.704491748 0.70804695 -0.0359103669
96 -0.390126473 -0.799341299 1.19136021 -0.0324598109 -0.704528448 0.708031188 -0.035747221
97 -0.391557685 -0.80033119 1.19257608 -0.0324285761 -0.704575716 0.707994743 -0.0355653025
98 -0.394804192 -0.804325125 1.19055533 -0.0322877004 -0.705129178 0.707476169 -0.0350402195
99 -0.391244698 -0.798899739 1.189409 -0.0326708996 -0.704932442 0.707632274 -0.0354884398
100 -0.391126469 -0.799727422 1.1903248 -0.0322241226 -0.704499352 0.708082453 -0.035517731
101 -0.391709995 -0.801267031 1.19221586 -0.0323293623 -0.704262761 0.708308638 -0.0356040583
102 -0.392467945 -0.801368275 1.18926515 -0.0325496686 -0.704707302 0.707869313 -0.0353436513
103 -0.393402379 -0.802360926 1.19148772 -0.032358683 -0.704993369 0.707588879 -0.0354294195
104 -0.392120901 -0.80260956 1.19019931 -0.0322960536 -0.705315839 0.707264667 -0.0355418404
105 -0.383590172 -0.807708286 1.19131842 -0.0312511715 -0.70594847 0.706846084 -0.0320739234
106 -0.368352099 -0.802838877 1.19761634 -0.0263941547 -0.70592683 0.707222105 -0.0284175006
107 -0.348035703 -0.805675719 1.20485935 -0.0227820113 -0.706188358 0.707273895 -0.0232942256
108 -0.350446587 -0.808610622 1.20677416 0.023940723 0.707040265 -0.706403664 0.0226885188
109 -0.350685869 -0.809718374 1.20547058 0.0268098008 0.707060281 -0.706248138 0.023676178
110 -0.364862679 -0.808945703 1.20883339 0.0325779177 0.706718229 -0.706063923 0.0310122667
111 -0.376448988 -0.80708428 1.20744383 0.0368905919 0.70646914 -0.705892456 0.035444025
112 -0.390584329 -0.806172729 1.20793882 0.0412859163 0.70618631 -0.705702796 0.0397483617
113 -0.407773783 -0.805431359 1.20960542 0.04649315 0.706240149 -0.70493252 0.0461885324
114 -0.407563631 -0.804941678 1.21283486 0.0466478022 0.705531225 -0.705524338 0.0478025305
115 -0.400081225 -0.8022777 1.21768246 -0.0445457651 -0.704546813 0.706610002 -0.0482883885
116 -0.401553739 -0.796434558 1.21482927 -0.0445957425 -0.70470107 0.706459243 -0.0481970936
117 -0.400399666 -0.799238234 1.21547755 -0.0446852637 -0.70446537 0.706684091 -0.0482634884
118 -0.398809377 -0.799234017 1.21177535 -0.0454342983 -0.704244366 0.706874728 -0.047997053
119 -0.398012743 -0.803341973 1.21562719 -0.0450387644 -0.704162968 0.70696115 -0.0482903469
120 -0.399605691 -0.800880655 1.21539293 -0.0452118357 -0.704309443 0.706838548 -0.0477845693
121 -0.402184392 -0.802056829 1.21219426 -0.0454368768 -0.705197706 0.705996045 -0.046917692
122 -0.4035155 -0.802686688 1.21178866 0.0460156633 0.705995897 -0.705179772 0.0466244818
123 -0.399029379 -0.80099611 1.21086667 -0.0453566289 -0.704003183 0.707134461 -0.0477823005
124 -0.402175292 -0.80095141 1.21219542 -0.0457103831 -0.705131266 0.706029868 -0.0471411139
125 -0.412019669 -0.805453309 1.20475705 0.050114169 0.707163025 -0.703870007 0.0444526639
126 -0.435173392 -0.813623143 1.18663449 0.0578132219 0.710884975 -0.699590271 0.0432855305
127 -0.45365138 -0.82166331 1.17732611 0.0646350385 0.713761074 -0.696232181 0.0403508577
128 -0.460481775 -0.808867817 1.17623356 0.0744605045 0.717443487 -0.69245659 0.0153084141
129 -0.431057926 -0.805002332 1.17632694 0.0733881979 0.720544205 -0.689503549 -0.00388291101
130 -0.406343328 -0.793899484 1.20068927 0.0643912676 0.719430321 -0.691377745 -0.0164496614
131 -0.325601618 -0.785393468 1.21852068 0.0399356719 0.718272921 -0.694300774 -0.0208707314
132 -0.29601873 -0.7739608 1.22448312 0.0279627785 0.71783952 -0.695467661 -0.0157873033
133 -0.274148961 -0.750377783 1.23417949 0.0193176556 0.714110647 -0.699687583 -0.0104927672
134 -0.263826209 -0.702913823 1.24876531 -0.0158418441 -0.706302335 0.707681194 0.00856592636
135 -0.281080891 -0.585640807 1.28116401 -0.0203590272 -0.68543633 0.727786748 0.00943388863
136 -0.298931359 -0.534589239 1.29553683 -0.0236904664 -0.676148755 0.736341155 0.00795781931
137 -0.308887245 -0.491877024 1.29828722 -0.0246936965 -0.669786292 0.742135117 0.00346601652
138 -0.323015852 -0.461962799 1.29855811 -0.0248317184 -0.665487685 0.7459855 -0.00389363924
139 -0.343065386 -0.431453416 1.29765039 -0.0259871099 -0.661716301 0.74919768 -0.0126112714
140 -0.390650334 -0.378396142 1.29483623 -0.0291645443 -0.653344814 0.755889187 -0.0303565384
141 -0.413405969 -0.360508974 1.2895237 -0.0315636099 -0.652077943 0.756500624 -0.0387930519
142 -0.435176221 -0.351517301 1.28343627 -0.0332331237 -0.651515977 0.756502153 -0.0461192278
143 -0.456431253 -0.343752642 1.2807459 -0.0328267253 -0.652493958 0.755236957 -0.0528316177
144 -0.485613504 -0.347051353 1.26983243 -0.0310698083 -0.656535327 0.750812074 -0.0654007711
145 -0.510145632 -0.359428397 1.26443526 -0.0321678642 -0.660809812 0.74649533 -0.0709953726
146 -0.53781403 -0.374391647 1.25210881 -0.0347333236 -0.664976599 0.742001126 -0.0776791366
147 -0.563848274 -0.38118025 1.24236101 -0.0391530542 -0.669304326 0.737123773 -0.0845417108
148 -0.598409362 -0.386005664 1.23096936 -0.0451237331 -0.672121547 0.733657563 -0.0892359489
149 -0.658712334 -0.370881826 1.21485357 -0.0577407771 -0.674075446 0.730493479 -0.0930998072
150 -0.690672092 -0.366858984 1.20775041 -0.063827766 -0.67611004 0.728156039 -0.0926823244
151 -0.744612564 -0.368573596 1.1810175 -0.0753866503 -0.682467286 0.720672441 -0.0958461749
152 -0.810047398 -0.365738791 1.14942121 -0.0889760045 -0.685194171 0.715685384 -0.10191492
153 -0.847520432 -0.360063383 1.13836525 -0.0964217856 -0.685510954 0.713963165 -0.105043657
154 -0.864732113 -0.353493327 1.12995356 -0.103998853 -0.684202173 0.713635371 -0.108518117
155 -0.926163727 -0.346706932 1.10787132 -0.113727602 -0.684572803 0.711059808 -0.113225701
156 -0.95483663 -0.350177133 1.09648864 -0.116001511 -0.685866344 0.709005704 -0.115939287
157 -1.00238486 -0.371573316 1.08185259 -0.113999024 -0.688721132 0.705155973 -0.124187268
158 -1.00323315 -0.378377886 1.09049311 -0.111030332 -0.690505524 0.704012276 -0.123454858
159 -0.99458862 -0.374238833 1.09838055 -0.106903491 -0.691126477 0.704275936 -0.122111597
160 -0.991628398 -0.365442783 1.10740978 -0.101349356 -0.689523742 0.70672456 -0.121760886
161 -0.991289965 -0.365715075 1.11742102 -0.0964686792 -0.686846697 0.709850185 -0.122670793
162 -0.986047952 -0.3730078 1.12482612 -0.0874903925 -0.686907716 0.709783905 -0.129267277
163 -0.978691338 -0.372689685 1.12423731 -0.0849653081 -0.687205184 0.709301281 -0.131991004
164 -0.973995228 -0.362660596 1.13048047 -0.0840298973 -0.685917941 0.710692154 -0.131803708
165 -0.965628155 -0.343283949 1.13254982 -0.084478448 -0.68238895 0.714485721 -0.12930146
166 -0.942255678 -0.29968945 1.16334126 -0.0805929973 -0.674315638 0.724009705 -0.120884802
167 -0.88735818 -0.258911916 1.18913816 -0.0681798786 -0.668900209 0.730969754 -0.116650045
168 -0.812924109 -0.236488872 1.22375018 -0.0496874128 -0.665334986 0.737054259 -0.10775684
169 -0.772963852 -0.227897632 1.24523798 -0.0405771224 -0.663902457 0.73962265 -0.102690609
170 -0.735033991 -0.218679692 1.25645874 -0.0333045836 -0.662228789 0.74199892 -0.0989011549
171 -0.705446042 -0.214428164 1.26857612 -0.0258555912 -0.660969914 0.743714625 -0.0966375581
172 -0.635004485 -0.214719472 1.28397857 -0.0118407826 -0.660803998 0.744669838 -0.0930843937
173 -0.59636778 -0.213515332 1.29680576 -0.00391886263 -0.660706751 0.745304695 -0.089286858
174 -0.555918166 -0.210093957 1.30732067 0.00182384039 -0.660845014 0.745935205 -0.0828324294
175 -0.520693936 -0.207219988 1.31545829 0.00535165957 -0.661308437 0.746321663 -0.0751431073
176 -0.481725922 -0.204865817 1.32066336 0.00771073025 -0.662369875 0.746095134 -0.0674443808
177 -0.40062474 -0.202842502 1.33206295 0.0157597544 -0.66406418 0.745787009 -0.0507161948
178 -0.347809334 -0.203958278 1.33785934 0.0218429424 -0.665230716 0.745280991 -0.0393347821
179 -0.292084558 -0.198163932 1.34096802 0.0285678467 -0.665701077 0.745243376 -0.0252638977
180 -0.241496408 -0.190652582 1.355793 0.0361172633 -0.66331897 0.747365891 -0.0121536877
181 -0.18856589 -0.179918172 1.35989877 0.0437071438 -0.660549589 0.749507978 -0.00131053359
182 -0.078241429 -0.180094835 1.35646278 0.062617489 -0.660912979 0.747644969 0.0173229407
183 -0.0200402671 -0.19134964 1.35816505 0.073599992 -0.662027446 0.745406421 0.0259223833
184 0.038847358 -0.192334688 1.35232329 0.0830000232 -0.661913942 0.744202798 0.0338101465
185 0.086767986 -0.188926722 1.35393422 0.0908131349 -0.65901577 0.7454045 0.042700354
186 0.152485674 -0.192524702 1.35664667 0.0929082034 -0.656535709 0.745655462 0.0657788746
187 0.16519231 -0.204623065 1.3580953 0.0866333092 -0.657556962 0.744576836 0.0756230592
188 0.16994743 -0.212739152 1.36014053 0.0806087093 -0.659354223 0.743112205 0.0808609663
189 0.166918061 -0.224134826 1.36683632 0.074126971 -0.660604588 0.742364466 0.0836765846
190 0.165928594 -0.233381844 1.37406438 0.0690375727 -0.66108519 0.742248704 0.085246969
191 0.189728233 -0.232771282 1.39063383 0.0664887671 -0.655537623 0.746739552 0.090717748
192 0.21589741 -0.236365103 1.39735094 0.068081058 -0.65293831 0.747878826 0.0985585796
193 0.231479695 -0.262143427 1.40892011 0.0661070928 -0.654593539 0.745034084 0.109824245
194 0.228941641 -0.292550764 1.41936415 0.0609176533 -0.658896816 0.74073453 0.116001648
195 0.209003886 -0.348576309 1.43330006 0.0531637859 -0.666822603 0.735300538 0.108877669
196 0.20126122 -0.380450709 1.44228056 0.0559318884 -0.671634594 0.731813864 0.101128947
197 0.192831684 -0.415852997 1.44555179 0.0566226983 -0.677020892 0.727739102 0.0939807459
198 0.174132707 -0.437739601 1.45280561 0.0545746249 -0.680638461 0.725497465 0.0860599973
199 0.159646397 -0.451540343 1.45412082 0.0520295774 -0.682023678 0.725276785 0.0781678338
200 0.144441178 -0.474683577 1.45779684 0.0520661394 -0.684195114 0.723885313 0.0718068055
201 0.105597789 -0.519301435 1.46290829 0.048091212 -0.689987357 0.719757766 0.0596107467
202 0.0660569537 -0.545154723 1.47517388 0.0406882794 -0.693507711 0.71740203 0.0522096327
203 0.0261973675 -0.556544535 1.45460037 0.0316510801 -0.700344794 0.711873829 0.0418453141
204 -0.00806931469 -0.587747026 1.44277643 -0.0258840211 0.706744498 -0.706296533 -0.0314235572
205 -0.0889692764 -0.664495992 1.43958413 -0.0173826339 0.717753153 -0.695887244 -0.0164072945
206 -0.12539402 -0.734389136 1.42632602 -0.0115277318 0.723531162 -0.690103998 -0.0112357043
207 -0.154139607 -0.750014409 1.42018595 -0.00185290699 0.726006785 -0.687663636 -0.00542584731
208 -0.203460018 -0.763682214 1.43117798 0.00698900866 0.724200776 -0.689551907 0.00159910491
209 -0.283654362 -0.768692588 1.41310263 0.020939712 0.725058512 -0.688121245 0.0184617005
210 -0.327105185 -0.788816273 1.40655961 0.02543545 0.726283498 -0.686419509 0.0263358163
211 -0.36676073 -0.792114145 1.39305251 0.0324427087 0.724840825 -0.687206832 0.0360557891
212 -0.409565921 -0.785421302 1.38739157 0.0401325025 0.719794553 -0.69130246 0.0488476548
213 -0.540228048 -0.741451009 1.3751943 0.0598817137 0.712554885 -0.695751192 0.067896947
214 -0.603714627 -0.713343194 1.35133896 0.0720032677 0.710080462 -0.696191488 0.0769329488
215 -0.67666545 -0.705658356 1.33219307 0.0833346936 0.70748731 -0.696353213 0.0872309433
216 -0.738004735 -0.691735043 1.31420973 0.098345989 0.705753547 -0.694555411 0.099160371
217 -0.864309017 -0.695090824 1.2462678 0.118154638 0.702922376 -0.689314499 0.129557464
218 -0.934440217 -0.712287269 1.21992864 0.125411013 0.70099742 -0.686872173 0.145194056
219 -0.959060117 -0.708849501 1.17934836 0.134100276 0.698185233 -0.68398069 0.163477559
220 -1.05771326 -0.6667826 1.1272662 0.149937258 0.6898806 -0.682907954 0.187670728
221 -1.10123921 -0.6355838 1.11386456 0.158301277 0.685261333 -0.683890162 0.194040866
222 -1.13388722 -0.594732465 1.10453437 -0.167317607 -0.681098837 0.684836002 -0.197759557
223 -1.16910342 -0.537744892 1.08050554 -0.172997731 -0.679297183 0.68296726 -0.205384627
224 -1.17526278 -0.52790006 1.06583827 0.171526866 0.6810154 -0.680160888 0.210184978
225 -1.16534678 -0.615064487 1.06394947 -0.171644113 -0.674169149 0.685594055 -0.214464564
226 -1.16786925 -0.624652506 1.04867772 -0.170129939 -0.673171769 0.686145961 -0.217023716
227 -1.17335137 -0.573599782 1.04956496 -0.169905333 -0.668558143 0.691039669 -0.215931386
228 -1.18470515 -0.558775391 1.04900322 -0.170651255 -0.664494726 0.695965194 -0.212031501
229 -1.19687713 -0.51308129 1.0574027 -0.173249601 -0.66133648 0.699979942 -0.206510815
230 -1.22624421 -0.437765122 1.08309693 -0.177381904 -0.653623015 0.709395596 -0.195116639
231 -1.27884992 -0.399456981 1.12265859 -0.176380167 -0.650156961 0.71490347 -0.187347251
232 -1.27326573 -0.317734668 1.11873587 -0.179357696 -0.646083735 0.718298972 -0.185615759
233 -1.25894482 -0.254483771 1.11492646 -0.177053776 -0.628607821 0.734096321 -0.186028922
234 -1.24724253 -0.236733472 1.11069337 -0.17385572 -0.624713046 0.738662123 -0.184081688
235 -1.2273576 -0.226353463 1.11581676 -0.169046906 -0.623908183 0.741001136 -0.181876441
236 -1.20029345 -0.207149757 1.11947771 -0.164538029 -0.625269198 0.741720787 -0.178370235
237 -1.18456576 -0.16997798 1.1277467 -0.155835009 -0.624186115 0.74627597 -0.170819554
238 -1.18015862 -0.146734238 1.13270702 -0.154139443 -0.621379561 0.749606726 -0.167982822
239 -1.16818411 -0.119973409 1.12664347 -0.152152344 -0.618469417 0.752647331 -0.166934836
240 -1.17244634 -0.101232852 1.12631061 -0.149184914 -0.61618683 0.754956031 -0.167627695
241 -1.18013595 -0.0964374595 1.12161435 -0.143924509 -0.616706295 0.754307127 -0.173146873
242 -1.16883052 -0.102333937 1.10109389 -0.143272657 -0.617664356 0.75276315 -0.176950073
243 -1.17104405 -0.0999527068 1.09727459 -0.141270805 -0.618902058 0.751704597 -0.178726051
244 -1.17257897 -0.0931052809 1.0915128 -0.139650834 -0.61867573 0.751953462 -0.179733069
245 -1.17577971 -0.0843790249 1.08965424 -0.139434925 -0.617158182 0.753302696 -0.179467904
246 -1.15558471 -0.0713256803 1.08381403 -0.135328458 -0.618016773 0.753883716 -0.177202762
247 -1.14551664 -0.0725235168 1.09071652 -0.130636508 -0.621557651 0.752701643 -0.173321743
248 -1.12895324 -0.0768771888 1.10336243 -0.126415475 -0.624650312 0.751922072 -0.168654422
249 -1.10317799 -0.0743223375 1.09858181 -0.121800734 -0.62844036 0.750310629 -0.165109828
250 -1.06972082 -0.0861572219 1.12114933 -0.10914981 -0.633630491 0.749851833 -0.155951751
251 -1.04263032 -0.0889618169 1.12790526 -0.103816488 -0.637378032 0.748658797 -0.149937944
252 -1.01468926 -0.0898514636 1.13429377 -0.0996953012 -0.640579069 0.747781538 -0.143325065
253 -0.997106138 -0.0829973241 1.14160672 -0.0954645992 -0.643529992 0.747258059 -0.135502963
254 -0.972212478 -0.0782061529 1.14410985 -0.0926811022 -0.645032336 0.747391687 -0.129418565
255 -0.935259121 -0.0730198799 1.15153437 -0.0861543748 -0.648926182 0.746942808 -0.116398777
256 -0.919113151 -0.0726230565 1.15539495 -0.0836773423 -0.651068516 0.746357382 -0.109811421
257 -0.907131355 -0.0690962818 1.16002111 -0.0809823885 -0.651615201 0.747049747 -0.103711893
258 -0.893144278 -0.0575972891 1.16064966 -0.080657565 -0.65152045 0.74798421 -0.0976477414
259 -0.877703221 -0.0492357089 1.16047591 -0.0818300138 -0.652029203 0.74899701 -0.084647778
260 -0.869218114 -0.0447464515 1.16142254 -0.0801868145 -0.653065771 0.748843529 -0.0794263318
261 -0.859576769 -0.0439484135 1.16128147 -0.0786577761 -0.652831254 0.749653465 -0.0751264899
262 -0.848814438 -0.0446291483 1.16002276 -0.0769814864 -0.652383718 0.750528261 -0.0719490498
263 -0.84523778 -0.0532003208 1.15683129 -0.0759391377 -0.653966926 0.749420401 -0.0702108982
264 -0.832634008 -0.0787960216 1.14384935 -0.0750717321 -0.658999654 0.745421249 -0.0665646558
265 -0.8183206 -0.0825996414 1.14506125 -0.0743141003 -0.661333522 0.743923049 -0.0607773361
266 -0.802819555 -0.0823628648 1.15049902 -0.0731936979 -0.661766629 0.744293457 -0.0522958953
267 -0.789256206 -0.0813820386 1.15811027 -0.0718892614 -0.661135123 0.745535149 -0.0436992539
268 -0.767878042 -0.0787355713 1.15938898 -0.0698159268 -0.661588165 0.745718364 -0.0364822978
269 -0.722589265 -0.0995320888 1.1696826 -0.0590791557 -0.664582338 0.744417904 -0.0261142404
270 -0.690361785 -0.113090583 1.17301708 -0.0520447781 -0.666468939 0.743351482 -0.0232178553
271 -0.667872612 -0.126766705 1.17820893 -0.046048843 -0.667666375 0.742772937 -0.0197352394
272 -0.647420406 -0.137216398 1.18215419 -0.042093345 -0.668811305 0.742069498 -0.0158886524
273 -0.600008418 -0.163755 1.18466141 -0.0365041317 -0.673940281 0.737835677 -0.00839399601
274 -0.572490688 -0.180599623 1.18617346 -0.0310298473 -0.675971506 0.736256661 -0.00507939862
275 -0.538507418 -0.191681552 1.19102587 -0.0253650643 -0.678373031 0.734279594 -0.000348657868
276 -0.503842854 -0.204285293 1.19426575 -0.0212866214 -0.679766044 0.733090339 0.00659995389
277 -0.439769712 -0.214226591 1.20737016 -0.0127097366 -0.680501305 0.732315209 0.0216995581
278 -0.393070522 -0.216032985 1.21241338 -0.00693143422 -0.68041292 0.732273328 0.0276764438
279 -0.356563421 -0.22748746 1.22076598 0.00157871245 -0.680953549 0.731512284 0.0344898405
280 -0.307087059 -0.239547209 1.22597265 0.0105582398 -0.681497987 0.73067663 0.0395054366
281 -0.263337062 -0.249687826 1.22794118 0.0181917332 -0.682743599 0.729082242 0.0443770682
282 -0.202622725 -0.275159853 1.23329521 0.0239450181 -0.685936878 0.725083119 0.0563179054
283 -0.174879083 -0.28394996 1.23679475 0.0243004516 -0.687128714 0.723329738 0.063700146
284 -0.145261649 -0.298681923 1.2364727 0.0233489676 -0.688501153 0.721163046 0.0731084771
285 -0.116527505 -0.315441648 1.23783683 0.0239580269 -0.691986348 0.716689699 0.0832873512
286 -0.0604389253 -0.366344654 1.24294401 0.0275801136 -0.700133112 0.706221413 0.101509996
287 -0.0439818968 -0.389954293 1.24374081 -0.027677111 0.703446158 -0.702276761 -0.105852873
288 -0.0306461469 -0.402334745 1.24311064 -0.0274549003 0.704424937 -0.701156233 -0.106825432
289 -0.0221958481 -0.418018614 1.24644485 -0.0276388137 0.706371583 -0.699323938 -0.105930695
290 -0.0228785761 -0.448117483 1.25908038 -0.0259372025 0.710355029 -0.696334976 -0.0991997792
291 -0.0324498992 -0.452602238 1.26502566 -0.0215931308 0.71091214 -0.69663 -0.0940441822
292 -0.0482937254 -0.455664404 1.27763788 -0.016914177 0.70997212 -0.698387222 -0.0889313657
293 -0.0755424115 -0.45219447 1.29635581 -0.00879734959 0.707663074 -0.702547059 -0.0745869334
294 -0.0901847885 -0.446175928 1.30502083 -0.00622286186 0.707115588 -0.703978222 -0.0660566755
295 -0.104956219 -0.441611125 1.31801614 0.00444879373 -0.705200771 0.706637404 0.0577551829
296 -0.117428775 -0.428646128 1.32563226 0.00332437257 -0.702869264 0.709422615 0.0518005796
297 -0.144378766 -0.386957781 1.34785585 -0.00436837554 -0.692228761 0.720511118 0.0407920235
298 -0.162849301 -0.364151743 1.36522965 -0.00942154092 -0.685005296 0.727565695 0.03642992
299 -0.182341928 -0.334452639 1.38261671 -0.0115842815 -0.680231181 0.732205152 0.0320462278
300 -0.196650656 -0.314016431 1.39305795 -0.0113023549 -0.676850208 0.735589538 0.0255750643
301 -0.207024758 -0.311329701 1.3968803 -0.00864606412 -0.676818122 0.735887403 0.0176693497
302 -0.240324614 -0.326613877 1.40636796 -0.00657714212 -0.679654936 0.733491468 0.00402190619
303 -0.258718798 -0.327737277 1.41071164 -0.00891172416 -0.67864548 0.734407036 -0.00268313375
304 -0.292593291 -0.323716886 1.41627396 -0.0128100221 -0.677207829 0.735634422 -0.0082131816
305 -0.33336182 -0.314251933 1.41800781 -0.0187923816 -0.675836737 0.736663209 -0.0147941397
306 -0.432324764 -0.314724673 1.40423436 -0.0362424774 -0.675309064 0.735983063 -0.0311942601
307 -0.489842471 -0.323056823 1.38788342 -0.04472297 -0.675200309 0.734921146 -0.0446688729
308 -0.537782924 -0.336298247 1.38442274 -0.0490466932 -0.67763614 0.731447 -0.0582148601
309 -0.580440923 -0.360792415 1.36881961 -0.0524026659 -0.678964422 0.728922392 -0.0702383121
310 -0.652650336 -0.378231556 1.34333115 -0.0579876558 -0.680103095 0.724842651 -0.0932756248
311 -0.690599682 -0.397785228 1.34469605 -0.0577734733 -0.679159204 0.724523551 -0.102326078
312 -0.710730138 -0.420790201 1.34216708 -0.0543477163 -0.679621716 0.723041758 -0.111226186
313 -0.716238579 -0.442206462 1.33880413 -0.0496983124 -0.682234792 0.719314285 -0.121131028
314 -0.741355218 -0.493744633 1.3339717 -0.0391786871 -0.687662177 0.71045801 -0.144343951
315 -0.750396702 -0.523328572 1.32111713 -0.0337896944 -0.688764923 0.707312894 -0.155465777
316 -0.757680511 -0.531582945 1.3024503 -0.031853948 -0.688228401 0.705378877 -0.166636231
317 -0.80127476 -0.53501575 1.26672291 -0.0325668281 -0.682032797 0.704129188 -0.194865984
318 -0.8295989 -0.573141145 1.2588109 -0.023854876 -0.679037937 0.700809572 -0.217265665
319 -0.831779086 -0.612762456 1.24752237 -0.0160944111 -0.679885825 0.693643812 -0.237391021
320 -0.835070356 -0.661034885 1.23411849 -0.00898537361 -0.680891363 0.687047561 -0.253518959
321 -0.834165948 -0.726471842 1.23222746 0.00184937848 -0.677555965 0.68255152 -0.273930497
322 -0.829827788 -0.732296382 1.23148512 0.00529137454 -0.674739069 0.682876683 -0.27996183
323 -0.839421912 -0.733506835 1.23755285 0.0063030665 -0.672118447 0.683511463 -0.284656187
324 -0.842695541 -0.742425248 1.23077711 0.00691821685 -0.669878137 0.68325566 -0.290477406
325 -0.825456335 -0.739423238 1.24479868 0.0165634793 -0.663076649 0.685443596 -0.300369914
326 -0.812593405 -0.726937905 1.26504021 0.0220881749 -0.660903111 0.688484949 -0.29783832
327 -0.786501609 -0.703582677 1.28600732 0.0282670294 -0.658819695 0.692005158 -0.293745546
328 -0.745399372 -0.679872641 1.31127068 0.0349202952 -0.656832082 0.695850372 -0.288347792
329 -0.668920782 -0.665541656 1.36728847 0.0520966304 -0.655700258 0.702699107 -0.27121408
330 -0.630971622 -0.626127207 1.38801532 0.0622620803 -0.655174022 0.705727167 -0.262334902
331 -0.59143595 -0.59667244 1.42434667 0.0732149439 -0.651577965 0.711361432 -0.253082281
332 -0.550683093 -0.558091838 1.45063339 0.0846432749 -0.648885817 0.716029536 -0.243072863
333 -0.487448816 -0.530632002 1.47201686 0.0974630486 -0.646065307 0.720159134 -0.233391076
334 -0.363490398 -0.482268133 1.52812805 0.128163302 -0.64170802 0.725588906 -0.212851415
335 -0.286610642 -0.45804093 1.53835174 0.145175001 -0.640674424 0.725932637 -0.203672059
336 -0.221399006 -0.432193431 1.56404541 0.161817519 -0.637414479 0.728637324 -0.1913257
337 0.141605227 -0.31584063 1.54267778 0.198984723 -0.620603177 0.740119495 -0.165770652
338 0.164862385 -0.211852872 1.61956842 0.243839177 -0.610423188 0.745307358 -0.111547878
339 0.236900348 -0.1658106 1.62522219 0.25522242 -0.601951102 0.751222123 -0.0904528038
340 0.274210791 -0.141841204 1.62221109 0.263186888 -0.598826139 0.752095197 -0.0805774891
341 0.318240752 -0.128918259 1.62463309 0.271016049 -0.596447022 0.752146079 -0.071256775
342 0.358430405 -0.12133771 1.61679394 0.278985653 -0.595562343 0.750740041 -0.0621441103
343 0.396976867 -0.118336828 1.61311944 0.285068044 -0.596352056 0.748679522 -0.0507878857
344 0.477954047 -0.115399635 1.5977828 0.294927061 -0.598693421 0.744255605 -0.0258420364
345 0.508583567 -0.0966416011 1.59267282 0.300656749 -0.595111315 0.745106827 -0.0162437133
346 0.53004035 -0.0853413445 1.58796008 0.303567983 -0.592787342 0.745922477 -0.007021729
347 0.544907812 -0.0807176069 1.58974324 0.303159355 -0.592220543 0.746568631 0.00212450955
348 0.557024706 -0.0757960609 1.58799224 0.300071551 -0.591306741 0.748385198 0.01526427
349 0.563714639 -0.0733949761 1.58772683 0.296397547 -0.591843875 0.749248245 0.0222798022
350 0.566380511 -0.0690788474 1.58946365 0.292821357 -0.591071882 0.751091014 0.0274221174
351 0.564391061 -0.0593445706 1.5922215 0.290835523 -0.589184265 0.753208732 0.0308740497
352 0.5565328 -0.0465196427 1.59607725 0.285644323 -0.586667156 0.756951218 0.0354093479
353 0.544328545 -0.0325596436 1.6037663 0.277934116 -0.584537703 0.761155169 0.0413655516
354 0.502982864 0.00538726681 1.61933897 0.25443192 -0.577819072 0.773600344 0.054148186
355 0.463228767 0.0539331964 1.63336595 0.240494383 -0.569236547 0.783959097 0.0595007514
356 0.409379793 0.112089797 1.6428045 0.222846855 -0.558668803 0.796454951 0.0623534951
357 0.358299035 0.164905803 1.64809198 0.203740467 -0.549870181 0.807522315 0.0635634799
358 0.214272939 0.222902487 1.67405986 0.15254585 -0.542152186 0.823955361 0.0624366374
359 0.108623121 0.243517981 1.67228154 0.119252335 -0.541586855 0.829767007 0.0628432458
360 0.0177704388 0.268190458 1.66201564 0.0852890875 -0.538420622 0.836052076 0.062015571
361 -0.0726300069 0.313664327 1.6436268 0.0505241462 -0.534503099 0.841316079 0.0627774133
362 -0.145031968 0.344158733 1.61873812 0.0186588872 -0.53022229 0.845188898 0.0645902187
363 -0.276633264 0.387715522 1.59659738 -0.0348820546 -0.528307962 0.845373076 0.070839978
364 -0.323703852 0.392418342 1.58636136 -0.0585603419 -0.528269485 0.843803438 0.0741471173
365 -0.379861793 0.404069405 1.57824376 -0.0807204383 -0.529737317 0.840436909 0.0807984393
366 -0.432430457 0.422745479 1.56637072 -0.103384286 -0.529839065 0.837296083 0.0867036564
367 -0.531582322 0.447477308 1.52585584 -0.153350475 -0.523643506 0.832919891 0.0923339858
368 -0.582797983 0.458881083 1.5056583 -0.173252145 -0.526186322 0.827348849 0.0927660056
369 -0.631077867 0.460221089 1.48472313 -0.191645137 -0.528198325 0.821980099 0.0928837347
370 -0.679331357 0.466683954 1.47414049 -0.207564057 -0.530740939 0.816359107 0.093749805
371 -0.69754342 0.472092927 1.44566489 -0.224159363 -0.531505905 0.811507637 0.0933242063
372 -0.78052929 0.499443634 1.42130054 -0.245834838 -0.531202554 0.805609036 0.0915596013
373 -0.82360724 0.492435238 1.4012939 -0.253919084 -0.531978502 0.803484052 0.0832907624
374 -0.867450964 0.479379804 1.37769747 -0.259028413 -0.535281924 0.800850696 0.0708216402
375 -0.912663471 0.458844547 1.35875594 -0.263283568 -0.539182883 0.798104332 0.0547088288
376 -1.03198603 0.390446711 1.32063406 -0.267171782 -0.555366374 0.787299784 0.0186140025
377 -1.12343139 0.244698212 1.26820772 -0.261250993 -0.576551924 0.773864486 -0.0216691969
378 -1.16214218 0.112289787 1.25093058 -0.24863129 -0.594031965 0.763364082 -0.0508309427
379 -1.16005161 0.0619181077 1.24401119 -0.240284021 -0.604222061 0.757280168 -0.060877234
380 -1.15650473 0.00204212741 1.24857469 -0.229687235 -0.6143774 0.751648552 -0.0693443548
381 -1.1693025 -0.0672357785 1.26571992 -0.21615796 -0.624610712 0.746387284 -0.0777381329
382 -1.15437161 -0.141009332 1.26949671 -0.203675299 -0.635042348 0.739817939 -0.088921341
383 -1.12768255 -0.200779235 1.26155272 -0.191112025 -0.6472585 0.731038196 -0.100577254
384 -1.07890526 -0.450566775 1.25657323 -0.149348045 -0.680670052 0.704515541 -0.134317884
385 -1.04163474 -0.516525842 1.24580676 -0.138231652 -0.691672899 0.694143092 -0.143687084
386 -0.985602509 -0.609947102 1.24821276 0.111870951 0.704776255 -0.683068064 0.155542087
387 -0.951392645 -0.643210405 1.25994701 0.0991821472 0.708589765 -0.679971553 0.160318854
388 -0.919078127 -0.677694432 1.26982158 0.085983566 0.711484574 -0.677429652 0.165787798
389 -0.879966987 -0.708017296 1.27618382 0.0719536667 0.714256096 -0.674398571 0.172764193
390 -0.839592383 -0.741257789 1.2864649 0.0558892834 0.715586051 -0.671787636 0.183069287
391 -0.759373027 -0.774953015 1.31528509 0.0223945969 0.714936654 -0.669000656 0.201995507
392 -0.704016409 -0.791776453 1.32962334 0.00414818103 0.711072825 -0.670889654 0.210393208
393 -0.635830857 -0.792202303 1.35989019 -0.0183321367 0.705992988 -0.673180637 0.219238828
394 -0.528281195 -0.801706522 1.40886198 -0.0598508216 0.703750934 -0.671569481 0.223935111
395 -0.463401077 -0.80206635 1.4212847 -0.0770971965 0.70367295 -0.669999657 0.223608723
396 -0.40284095 -0.806221802 1.44619496 -0.0953739602 0.703070851 -0.669607227 0.219593597
397 -0.343979226 -0.795858575 1.46362883 -0.111209632 0.702988767 -0.670022001 0.210973288
398 -0.235381045 -0.74489048 1.50924714 -0.133584653 0.702287427 -0.675079826 0.182249113
399 -0.169794405 -0.704717909 1.54104028 -0.142065364 0.700872217 -0.679121796 0.165496688
400 -0.118369566 -0.674865947 1.5639082 -0.149288163 0.697863454 -0.68492072 0.146912394
401 -0.0766615504 -0.654355801 1.59112975 -0.15364475 0.695756648 -0.690514397 0.124522468
402 0.0165524162 -0.608009233 1.59518601 -0.16167195 0.695593882 -0.694526747 0.0874295624
403 0.0577483618 -0.596582082 1.60207436 0.166622419 -0.69458968 0.696350637 -0.0698422257
404 0.104042686 -0.575167931 1.59562912 0.169068932 -0.694442537 0.697444056 -0.0523168024
405 0.152573804 -0.554928926 1.5906975 0.172639066 -0.693300455 0.69869637 -0.0367915018
406 0.226518179 -0.51508856 1.58969591 0.179384496 -0.687893183 0.703212498 -0.0107867692
407 0.254934485 -0.497451651 1.58304118 0.180124789 -0.686230337 0.704728996 -0.000162754606
408 0.27343233 -0.487730593 1.58650635 0.180115294 -0.68394001 0.7069012 0.00867393832
409 0.283634819 -0.465137948 1.57901328 0.177141566 -0.681678141 0.709728725 0.0148631998
410 0.274072161 -0.436246174 1.58319826 0.166560952 -0.67581161 0.717528785 0.0262404423
411 0.272690435 -0.429145518 1.57786227 0.161322093 -0.675748575 0.71867978 0.0289554612
412 0.269050702 -0.433141624 1.56955462 0.158027928 -0.676813868 0.718365397 0.0300219631
413 0.260099918 -0.436242125 1.56245965 0.154668324 -0.678240392 0.717771929 0.0295150378
414 0.253684864 -0.43808694 1.55258565 0.150640218 -0.679190017 0.717762462 0.0287314068
415 0.220546073 -0.449645517 1.53465165 0.141117428 -0.682226224 0.716964782 0.0247942079
416 0.19945186 -0.448273171 1.52807382 0.134357509 -0.682548885 0.717971417 0.0243335807
417 0.177446607 -0.441687452 1.5247972 0.127684826 -0.681536008 0.720126859 0.0249511715
418 0.162328428 -0.427814302 1.51952612 0.123088852 -0.680037188 0.722300159 0.0260966785
419 0.161026253 -0.419097897 1.5154742 0.120462618 -0.677287376 0.725287037 0.027005212
420 0.169773985 -0.414414448 1.50151824 0.124690973 -0.675076189 0.72652795 0.0296890229
421 0.161651167 -0.409690962 1.49343935 0.123827903 -0.67324354 0.728428513 0.0283141132
422 0.1424488 -0.40252416 1.48924417 0.119463748 -0.672708333 0.729769257 0.025074771
423 0.115815193 -0.402700645 1.4812654 0.112512744 -0.672926637 0.730764147 0.0222347953
424 0.0853630109 -0.402074158 1.4744712 0.10598325 -0.672479995 0.732219388 0.0198236143
425 0.0248393767 -0.397489918 1.46142003 0.0903742417 -0.674203781 0.732838502 0.0151488417
426 -0.00946066398 -0.406715528 1.46036996 0.0846275773 -0.675003683 0.732839035 0.0124558912
427 -0.0370330012 -0.420404179 1.45084309 0.0810568998 -0.677096465 0.731354405 0.00953367253
428 -0.0572056047 -0.45868337 1.43783654 0.080871146 -0.684168439 0.724817511 0.00360274389
429 -0.0592148507 -0.478427868 1.42906553 0.0829197335 -0.688510151 0.720470598 -0.000455335009
430 -0.0636449863 -0.494129188 1.4212832 0.0846203587 -0.69248357 0.7164302 -0.00580256544
431 -0.0757766966 -0.513467164 1.41491691 0.0846050239 -0.694962343 0.713973187 -0.0105650493
432 -0.0884047904 -0.526498363 1.40981787 0.083463412 -0.698163077 0.710927944 -0.0135512045
433 -0.114383384 -0.542764888 1.40579777 0.0802574546 -0.701647706 0.707792147 -0.0167186857
434 -0.130095134 -0.54170071 1.40555215 0.0777316009 -0.701347836 0.708343043 -0.0178646248
435 -0.167261387 -0.55478551 1.4070616 0.0721258864 -0.703567533 0.70667727 -0.0199454221
436 -0.185442259 -0.569514803 1.4025134 -0.0699789847 0.70669103 -0.703657799 0.0235888161
437 -0.206367518 -0.59194401 1.40483635 -0.0682072654 0.709166345 -0.701110879 0.0295702314
438 -0.252845787 -0.640083082 1.38669782 -0.0598837661 0.717963294 -0.691954599 0.0462760917
439 -0.284797737 -0.655254228 1.37803957 -0.0578130407 0.720958307 -0.688484427 0.0535347136
440 -0.303386098 -0.666105073 1.37525688 -0.0566399484 0.72214497 -0.686892677 0.0589661599
441 -0.319138657 -0.66949397 1.36577775 -0.0541289464 0.723317098 -0.685580473 0.0621437642
442 -0.343467097 -0.674713009 1.36401385 -0.049579868 0.724424715 -0.68469885 0.0627547151
443 -0.381106767 -0.68329526 1.35880751 -0.0415530566 0.726477475 -0.68256304 0.0679081612
444 -0.400719539 -0.685500059 1.35711985 -0.0383831922 0.727382272 -0.681446464 0.0712213292
445 -0.41997342 -0.68946201 1.35861971 -0.0348299823 0.727147539 -0.681575716 0.0741476377
446 -0.447155629 -0.675100224 1.35513573 -0.0287948146 0.724294815 -0.684607527 0.0766838489
447 -0.456381167 -0.662702945 1.35886443 -0.0258109347 0.72237161 -0.686850562 0.0758245216
448 -0.460818857 -0.656445963 1.36150164 -0.0242703831 0.721260346 -0.688181543 0.0748373255
449 -0.461325738 -0.65627911 1.36326188 -0.0246882429 0.721533643 -0.687956341 0.0741334262
450 -0.456945414 -0.664030347 1.36256825 -0.027085743 0.722393791 -0.686893795 0.0747695644
451 -0.45305417 -0.678281928 1.36221166 -0.0314182966 0.724312565 -0.684124611 0.0797352799
452 -0.453045545 -0.68062757 1.36106793 -0.0316645922 0.724434201 -0.683761471 0.0816253232
453 -0.456625003 -0.677991614 1.36193772 -0.0307881686 0.723713586 -0.684512895 0.0820538319
454 -0.462145956 -0.671224238 1.36512531 -0.0284571765 0.722532021 -0.68594665 0.0813318011
455 -0.473917733 -0.662472317 1.36515874 -0.0251305713 0.721642139 -0.687137742 0.080267062
456 -0.491648774 -0.655945773 1.35974437 -0.0183505289 0.721142046 -0.687941356 0.0797126018
457 -0.499070611 -0.66096505 1.36283969 -0.0171401787 0.721483844 -0.687534823 0.0803936875
458 -0.497887406 -0.665266428 1.35855462 -0.0164765838 0.722147532 -0.686753582 0.0812464196
459 -0.498854337 -0.672801382 1.35705372 -0.0167556447 0.723565904 -0.6852011 0.0816767004
460 -0.497509149 -0.67751864 1.35456484 -0.0161795441 0.724257266 -0.68442137 0.0822011145
461 -0.500722528 -0.681957042 1.35427117 -0.0155334749 0.724397423 -0.684195943 0.0829638273
462 -0.498834183 -0.682042292 1.35092742 -0.0135850595 0.724786454 -0.683921 0.0821712061
463 -0.500387598 -0.684907543 1.3534415 -0.012937407 0.725651984 -0.683289412 0.0798586267
464 -0.500144422 -0.687066512 1.35329725 -0.010735181 0.726222266 -0.682978101 0.0776330432
465 -0.501202469 -0.686766346 1.35018536 -0.00909012525 0.726614754 -0.682706068 0.0765558192
466 -0.498019302 -0.684773669 1.34766982 -0.00738762157 0.726513189 -0.682946298 0.0755537126
467 -0.494364497 -0.68450373 1.35239896 -0.0067270058 0.726849481 -0.683048932 0.0713353693
468 -0.488199171 -0.681097631 1.35428565 -0.00732962672 0.726408235 -0.683703009 0.0694805614
469 -0.482675941 -0.678376876 1.35629069 -0.00806016592 0.725588295 -0.684755587 0.0675754863
470 -0.478995385 -0.678587443 1.3624665 -0.00942253465 0.725384619 -0.685093736 0.0661433586
471 -0.470547356 -0.677826833 1.36153399 -0.0108704259 0.725993583 -0.684523218 0.0651392038
472 -0.460133208 -0.680239942 1.35774487 -0.0126954454 0.726470415 -0.68407191 0.0642275991
473 -0.453228232 -0.681918282 1.3583604 -0.01193768 0.727585586 -0.683147148 0.0615360169
474 -0.454497727 -0.683808363 1.35749757 -0.012062751 0.727401636 -0.683376439 0.0611391171
475 -0.454242721 -0.685553726 1.35999565 -0.0123587765 0.727813706 -0.682984931 0.0605479498
476 -0.45313579 -0.686350085 1.35854012 -0.0125492815 0.728429909 -0.682429919 0.0593446582
477 -0.453294395 -0.688435206 1.35995836 -0.0127656328 0.728553364 -0.682368607 0.0584817817
478 -0.448494934 -0.682118131 1.36202989 -0.0135891943 0.728005358 -0.682951448 0.058316828
479 -0.452643772 -0.682288004 1.36263855 -0.0123829814 0.727610216 -0.683374993 0.0585547162
480 -0.457542833 -0.68166591 1.36176093 -0.0115418638 0.727423406 -0.683466096 0.0599672285
481 -0.462017237 -0.679429106 1.36330774 -0.0111924748 0.727427144 -0.683289455 0.0619677357
482 -0.464891089 -0.677730629 1.36143446 -0.0101178054 0.727133569 -0.683463436 0.0636563854
483 -0.479141379 -0.675736578 1.3649655 -0.00703011622 0.726315933 -0.684356684 0.0638096576
484 -0.481713469 -0.672713261 1.36414745 -0.00574041225 0.725830276 -0.684874479 0.0639093529
485 -0.485180176 -0.669885524 1.36381571 -0.00473615438 0.725381755 -0.685375892 0.0637084454
486 -0.488285015 -0.668766983 1.3636245 -0.00410346081 0.725116343 -0.685674391 0.0635616261
487 -0.490342453 -0.666839723 1.3644599 -0.00394237889 0.725006935 -0.685769806 0.0637900811
488 -0.489924569 -0.663298517 1.36439984 -0.00279261699 0.723876829 -0.686878462 0.064749642
489 -0.49420111 -0.660074462 1.36424125 -0.00101778407 0.723356564 -0.687414299 0.0649293991
490 -0.499704764 -0.653895196 1.36225803 0.000523491589 0.722822519 -0.687933678 0.0653803245
491 -0.509576092 -0.652257876 1.36514018 0.0019578039 0.72189504 -0.688889619 0.0655348073
492 -0.524089833 -0.637526347 1.36640486 0.00738606583 0.720384019 -0.690449808 0.065355743
493 -0.53379962 -0.632074091 1.36542538 0.0109414543 0.720278798 -0.690655608 0.0638245138
494 -0.539001648 -0.629955314 1.36289238 0.0138746625 0.720281413 -0.690735211 0.0623461958
495 -0.541586113 -0.629732882 1.36017605 0.0151434955 0.720531081 -0.690570315 0.0609776685
496 -0.542833483 -0.640282771 1.35919465 0.0151960716 0.722545976 -0.688528487 0.0602072579
497 -0.543035253 -0.645367433 1.35780919 0.0145936446 0.72375607 -0.68727507 0.0601427877
498 -0.541949343 -0.649935415 1.35959902 0.0134610091 0.72418015 -0.68678693 0.0608738364
499 -0.54551602 -0.64650035 1.35735953 0.0150159266 0.72405051 -0.686833689 0.0615212599
500 -0.552156425 -0.647788438 1.35766276 0.0170752462 0.724128247 -0.686649574 0.0621215053
501 -0.560346537 -0.648498702 1.35439788 0.0185506052 0.724738784 -0.685896197 0.0628965531
502 -0.566181708 -0.653646729 1.35431322 0.019782624 0.724877956 -0.685600849 0.0641254389
503 -0.570971215 -0.654281621 1.35383736 0.0206365894 0.724976254 -0.685369234 0.0652117777
504 -0.578140007 -0.647351634 1.35143404 0.023924874 0.724695834 -0.68554731 0.0653332597
